{
  "advancedEditorSelectedIdentifier" : "ProjectBrowser",
  "openSceneRelativePaths" : [
    "Assets\/logo\/logo_scene.usda"
  ],
  "recentIdentifiers" : {
    "035ABDAB-ACF8-45B4-B876-01FF2A8E2257" : [

    ],
    "09498F80-D79B-4528-9E70-73A0A2FA75CF" : [

    ],
    "146C102F-A8D8-4F8B-9E9F-BB035F939B1D" : [

    ],
    "1958BD51-9E8D-4BE4-8C2D-887DF5F50444" : [

    ],
    "2F0920A1-7369-4E99-AC3E-B94DF33BA666" : [

    ],
    "416500BC-7615-4C98-A9DE-663E9AFF912D" : [

    ],
    "433FDE67-AE0E-4395-A772-7D8EB12DBB22" : [

    ],
    "453156A4-6945-46E9-945B-6CEE02A5362E" : [

    ],
    "4A6D2D50-5B80-41DC-8C7A-FAA15340B4AE" : [

    ],
    "533558EF-4222-4316-BE78-A067607E13B6" : [

    ],
    "648A8292-1F5A-43ED-BD06-79A7A7EC33CD" : [

    ],
    "670CED90-1E1B-45F4-BDD2-7F322AEFB14B" : [

    ],
    "95823BB0-7825-49B5-B41D-114C48AB7419" : [

    ],
    "A5438429-48AF-4B51-8165-F4969850276D" : [

    ],
    "B91035B9-A53F-4A68-B278-1D993BC1490F" : [

    ],
    "C1E74342-920D-4D6F-ADF4-2C4B2440E9DD" : [

    ],
    "EE47B1EA-9C07-4359-A5CD-1E614C2FDA78" : [

    ]
  },
  "sceneCameraHistory" : {
    "035ABDAB-ACF8-45B4-B876-01FF2A8E2257" : [
      {
        "date" : 766050174.742567,
        "title" : "Untitled",
        "transform" : [
          0.9039806,
          -3.7678234e-09,
          0.42757356,
          0,
          0.24276644,
          0.82318234,
          -0.5132595,
          0,
          -0.3519709,
          0.56777716,
          0.74414086,
          0,
          -0.9103025,
          1.468442,
          1.9245713,
          1
        ]
      },
      {
        "date" : 766014315.657397,
        "title" : "Untitled",
        "transform" : [
          0.919858,
          4.335064e-09,
          0.39225176,
          0,
          0.048573732,
          0.9923031,
          -0.11390886,
          0,
          -0.38923255,
          0.123833135,
          0.9127779,
          0,
          -1.0066723,
          0.32026964,
          2.3607173,
          1
        ]
      },
      {
        "date" : 766014311.795153,
        "title" : "Untitled",
        "transform" : [
          0.7928966,
          3.4173426e-09,
          0.6093562,
          0,
          0.11737237,
          0.9812741,
          -0.15272538,
          0,
          -0.59794533,
          0.19261701,
          0.77804875,
          0,
          -1.5464661,
          0.49816546,
          2.0122676,
          1
        ]
      },
      {
        "date" : 766014101.568407,
        "title" : "Untitled",
        "transform" : [
          0.9989957,
          3.2934384e-09,
          0.044806708,
          0,
          0.010912385,
          0.96989006,
          -0.24329895,
          0,
          -0.04345763,
          0.24354352,
          0.9689158,
          0,
          -0.112394385,
          0.6298767,
          2.505907,
          1
        ]
      },
      {
        "date" : 766014091.027258,
        "title" : "Untitled",
        "transform" : [
          0.93510914,
          3.8877754e-09,
          0.35436,
          0,
          0.01595056,
          0.9989865,
          -0.042091414,
          0,
          -0.3540009,
          0.045012295,
          0.93416137,
          0,
          -0.91555244,
          0.11641535,
          2.4160213,
          1
        ]
      },
      {
        "date" : 766014057.37755,
        "title" : "Untitled",
        "transform" : [
          0.99354327,
          3.0765772e-09,
          0.113453776,
          0,
          0.014049334,
          0.99230313,
          -0.123033546,
          0,
          -0.11258054,
          0.1238331,
          0.9858961,
          0,
          -0.29116702,
          0.32026958,
          2.549823,
          1
        ]
      }
    ],
    "09498F80-D79B-4528-9E70-73A0A2FA75CF" : [
      {
        "date" : 766070892.718647,
        "title" : "Untitled",
        "transform" : [
          0.99995977,
          1.1032137e-09,
          0.008966837,
          0,
          0.002014065,
          0.97444814,
          -0.22460353,
          0,
          -0.00873772,
          0.22461256,
          0.974409,
          0,
          -0.19271924,
          0.40701374,
          1.4596176,
          1
        ]
      },
      {
        "date" : 766070889.0582,
        "title" : "Untitled",
        "transform" : [
          0.9941922,
          1.1029851e-09,
          -0.10761923,
          0,
          -0.024461927,
          0.9738247,
          -0.22598058,
          0,
          0.104802266,
          0.2273007,
          0.9681689,
          0,
          -0.021438995,
          0.41104463,
          1.4710089,
          1
        ]
      },
      {
        "date" : 766070886.489202,
        "title" : "Untitled",
        "transform" : [
          0.99989384,
          -7.621504e-11,
          0.014572803,
          0,
          0.003921464,
          0.9631138,
          -0.26906618,
          0,
          -0.014035265,
          0.26909474,
          0.9630115,
          0,
          -0.021438995,
          0.41104463,
          1.4710089,
          1
        ]
      },
      {
        "date" : 766070767.387507,
        "title" : "Untitled",
        "transform" : [
          0.9998937,
          -7.6215034e-11,
          0.014572801,
          0,
          0.003921464,
          0.9631138,
          -0.26906618,
          0,
          -0.014035265,
          0.26909474,
          0.9630115,
          0,
          -0.018670732,
          0.35796955,
          1.2810681,
          1
        ]
      }
    ],
    "146C102F-A8D8-4F8B-9E9F-BB035F939B1D" : [
      {
        "date" : 766422432.127001,
        "title" : "Untitled",
        "transform" : [
          1,
          0,
          0,
          0,
          0,
          1,
          0,
          0,
          0,
          0,
          1,
          0,
          -0.02834282,
          0.036888182,
          2,
          1
        ]
      },
      {
        "date" : 766359316.930319,
        "title" : "Untitled",
        "transform" : [
          0.88103044,
          -6.2165144e-09,
          -0.4730596,
          0,
          -0.2283194,
          0.8758166,
          -0.42522416,
          0,
          0.41431338,
          0.4826441,
          0.77162105,
          0,
          1.5663751,
          1.277653,
          2.555268,
          1
        ]
      },
      {
        "date" : 766359310.551148,
        "title" : "Untitled",
        "transform" : [
          0.9870302,
          -6.497861e-09,
          -0.16053388,
          0,
          -0.08167192,
          0.86091316,
          -0.50215364,
          0,
          0.1382057,
          0.508752,
          0.8497473,
          0,
          0.64298564,
          1.3670192,
          2.8867197,
          1
        ]
      },
      {
        "date" : 766359302.061358,
        "title" : "Untitled",
        "transform" : [
          0.98765403,
          -8.407852e-09,
          0.15665083,
          0,
          0.025996033,
          0.98613435,
          -0.16390005,
          0,
          -0.15447877,
          0.16594887,
          0.97395957,
          0,
          -0.33943537,
          0.21653277,
          3.233144,
          1
        ]
      },
      {
        "date" : 766350758.426128,
        "title" : "Untitled",
        "transform" : [
          0.98765403,
          -8.407852e-09,
          0.15665083,
          0,
          0.025996033,
          0.98613435,
          -0.16390005,
          0,
          -0.15447877,
          0.16594887,
          0.97395957,
          0,
          -0.18146938,
          0.11576302,
          1.7285075,
          1
        ]
      },
      {
        "date" : 766331249.895946,
        "title" : "Untitled",
        "transform" : [
          0.98765403,
          -8.407852e-09,
          0.15665083,
          0,
          0.025996033,
          0.98613435,
          -0.16390005,
          0,
          -0.15447877,
          0.16594887,
          0.97395957,
          0,
          0.0050543114,
          0.14122851,
          1.753753,
          1
        ]
      },
      {
        "date" : 766331203.619174,
        "title" : "Untitled",
        "transform" : [
          0.9923859,
          -2.2705287e-09,
          0.123167336,
          0,
          0.062905274,
          0.8597411,
          -0.5068414,
          0,
          -0.10589202,
          0.51073015,
          0.85319495,
          0,
          0.08500497,
          0.75666654,
          1.5861434,
          1
        ]
      },
      {
        "date" : 766331199.616651,
        "title" : "Untitled",
        "transform" : [
          0.9923859,
          -2.2705287e-09,
          0.123167336,
          0,
          0.062905274,
          0.8597411,
          -0.5068414,
          0,
          -0.10589202,
          0.51073015,
          0.85319495,
          0,
          -0.00055301306,
          1.1693225,
          2.2755027,
          1
        ]
      },
      {
        "date" : 766309118.602791,
        "title" : "Untitled",
        "transform" : [
          0.9923859,
          -2.4494398e-09,
          0.123167336,
          0,
          0.06290528,
          0.8597411,
          -0.5068414,
          0,
          -0.10589202,
          0.51073015,
          0.85319495,
          0,
          -0.002496343,
          0.009538895,
          0.016719613,
          1
        ]
      },
      {
        "date" : 766309099.970572,
        "title" : "Untitled",
        "transform" : [
          0.9923859,
          -2.4494398e-09,
          0.123167336,
          0,
          0.06290528,
          0.8597411,
          -0.5068414,
          0,
          -0.10589202,
          0.51073015,
          0.85319495,
          0,
          -0.0022463985,
          0.009198755,
          0.016954243,
          1
        ]
      }
    ],
    "2B4A7DF1-5626-4D50-AC1A-A24E8277B49A" : [
      {
        "date" : 766441770.780859,
        "title" : "Untitled",
        "transform" : [
          0.99853027,
          4.858812e-09,
          0.054196548,
          0,
          0.011340655,
          0.9778621,
          -0.2089431,
          0,
          -0.052996747,
          0.2092506,
          0.976425,
          0,
          -0.023104249,
          0.09122405,
          0.42567813,
          1
        ]
      },
      {
        "date" : 766441761.655013,
        "title" : "Untitled",
        "transform" : [
          0.99271876,
          4.8528688e-09,
          0.12045518,
          0,
          0.01698579,
          0.99000776,
          -0.13998666,
          0,
          -0.11925156,
          0.14101337,
          0.9827993,
          0,
          -0.051988415,
          0.061475635,
          0.42845705,
          1
        ]
      },
      {
        "date" : 766441759.273515,
        "title" : "Untitled",
        "transform" : [
          0.99271876,
          4.8528688e-09,
          0.12045518,
          0,
          0.01698579,
          0.99000776,
          -0.13998666,
          0,
          -0.11925156,
          0.14101337,
          0.9827993,
          0,
          -0.025952322,
          0.03068828,
          0.21388333,
          1
        ]
      },
      {
        "date" : 766436688.658104,
        "title" : "Untitled",
        "transform" : [
          0.99271876,
          4.8528688e-09,
          0.12045518,
          0,
          0.01698579,
          0.99000776,
          -0.13998666,
          0,
          -0.11925156,
          0.14101337,
          0.9827993,
          0,
          -0.3084203,
          0.36470297,
          2.5418136,
          1
        ]
      }
    ],
    "433FDE67-AE0E-4395-A772-7D8EB12DBB22" : [
      {
        "date" : 766070666.522894,
        "title" : "Untitled",
        "transform" : [
          0.9999962,
          4.8189397e-11,
          -0.0027877903,
          0,
          -0.00059722766,
          0.9767834,
          -0.21422894,
          0,
          0.0027230675,
          0.21422972,
          0.97677964,
          0,
          0.0036339953,
          0.2858943,
          1.3035346,
          1
        ]
      }
    ],
    "453156A4-6945-46E9-945B-6CEE02A5362E" : [
      {
        "date" : 766422518.369106,
        "title" : "Untitled",
        "transform" : [
          0.97616917,
          6.0333067e-09,
          -0.21701093,
          0,
          -0.042009372,
          0.98108405,
          -0.18896861,
          0,
          0.21290597,
          0.19358182,
          0.95770407,
          0,
          0.5855164,
          0.5684339,
          3.1502178,
          1
        ]
      },
      {
        "date" : 766312336.352879,
        "title" : "Untitled",
        "transform" : [
          0.994835,
          6.1685053e-09,
          0.10150502,
          0,
          0.017646516,
          0.9847723,
          -0.1729508,
          0,
          -0.09995934,
          0.17384872,
          0.979686,
          0,
          -0.26379701,
          0.3038322,
          1.9199053,
          1
        ]
      },
      {
        "date" : 766311539.006475,
        "title" : "Untitled",
        "transform" : [
          0.9890353,
          4.820693e-09,
          0.14767914,
          0,
          0.054234337,
          0.93012446,
          -0.3632177,
          0,
          -0.13735999,
          0.36724442,
          0.9199259,
          0,
          -0.338086,
          0.68495524,
          1.8067855,
          1
        ]
      },
      {
        "date" : 766311535.875995,
        "title" : "Untitled",
        "transform" : [
          0.9999992,
          0,
          -0.0012512202,
          0,
          0,
          1,
          0,
          0,
          0.0012512202,
          0,
          0.9999992,
          0,
          -0.06510191,
          -0.037498713,
          1.9601774,
          1
        ]
      },
      {
        "date" : 766311522.623875,
        "title" : "Untitled",
        "transform" : [
          0.9999992,
          0,
          -0.0012512204,
          0,
          0,
          1,
          0,
          0,
          0.0012512204,
          0,
          0.9999992,
          0,
          -0.2945548,
          0.5918746,
          13.717341,
          1
        ]
      },
      {
        "date" : 766311516.457915,
        "title" : "Untitled",
        "transform" : [
          0.9999992,
          0,
          -0.0012512204,
          0,
          0,
          1,
          0,
          0,
          0.0012512204,
          0,
          0.9999992,
          0,
          2.366151,
          8.441965,
          8.272061,
          1
        ]
      },
      {
        "date" : 766311514.190187,
        "title" : "Untitled",
        "transform" : [
          1,
          0,
          0,
          0,
          0,
          1,
          0,
          0,
          0,
          0,
          1,
          0,
          2.3560343,
          8.441964,
          8.2758665,
          1
        ]
      },
      {
        "date" : 766311509.872802,
        "title" : "Untitled",
        "transform" : [
          0.80538887,
          1.1067826e-08,
          -0.59274685,
          0,
          -0.07831486,
          0.9912334,
          -0.10640951,
          0,
          0.58755046,
          0.13212192,
          0.79832834,
          0,
          11.096522,
          1.8170913,
          16.379822,
          1
        ]
      },
      {
        "date" : 766310079.192061,
        "title" : "Untitled",
        "transform" : [
          0.9989663,
          6.58805e-10,
          0.045457087,
          0,
          0.026284978,
          0.8158687,
          -0.57763946,
          0,
          -0.037087016,
          0.5782372,
          0.81502527,
          0,
          -1.5282621,
          10.808556,
          16.600357,
          1
        ]
      },
      {
        "date" : 766310072.222707,
        "title" : "Untitled",
        "transform" : [
          0.9989663,
          6.58805e-10,
          0.045457087,
          0,
          0.026284978,
          0.8158687,
          -0.57763946,
          0,
          -0.037087016,
          0.5782372,
          0.81502527,
          0,
          -17.14149,
          121.23317,
          186.19637,
          1
        ]
      }
    ],
    "4A6D2D50-5B80-41DC-8C7A-FAA15340B4AE" : [
      {
        "date" : 766050351.673672,
        "title" : "Untitled",
        "transform" : [
          0.99575895,
          -2.176197e-10,
          0.09200046,
          0,
          0.0052721077,
          0.9983567,
          -0.057062175,
          0,
          -0.09184929,
          0.05730525,
          0.9941226,
          0,
          -0.23754977,
          0.14820854,
          2.5710993,
          1
        ]
      }
    ],
    "533558EF-4222-4316-BE78-A067607E13B6" : [
      {
        "date" : 766050044.803387,
        "title" : "Untitled",
        "transform" : [
          0.9704744,
          9.920659e-09,
          0.24120414,
          0,
          0.12102498,
          0.86501074,
          -0.48693883,
          0,
          -0.20864418,
          0.5017534,
          0.83947074,
          0,
          -0.87810194,
          2.1116335,
          3.6415963,
          1
        ]
      },
      {
        "date" : 766050042.520185,
        "title" : "Untitled",
        "transform" : [
          0.9704745,
          -6.260157e-10,
          0.24120416,
          0,
          0.07812989,
          0.9460858,
          -0.31435224,
          0,
          -0.22819985,
          0.32391605,
          0.91815215,
          0,
          -0.67491955,
          0.6575297,
          2.330829,
          1
        ]
      },
      {
        "date" : 766050037.320144,
        "title" : "Untitled",
        "transform" : [
          0.9997689,
          8.0174545e-10,
          0.021499412,
          0,
          0.009151514,
          0.90488154,
          -0.42556512,
          0,
          -0.019454427,
          0.42566353,
          0.90467244,
          0,
          -0.14303336,
          0.91934717,
          2.335587,
          1
        ]
      },
      {
        "date" : 766050035.686818,
        "title" : "Untitled",
        "transform" : [
          0.9997689,
          8.0174545e-10,
          0.021499412,
          0,
          0.009151514,
          0.90488154,
          -0.42556512,
          0,
          -0.019454427,
          0.42566353,
          0.90467244,
          0,
          -0.14079696,
          0.90497273,
          2.2990692,
          1
        ]
      },
      {
        "date" : 766050001.573334,
        "title" : "Untitled",
        "transform" : [
          0.99845076,
          9.62014e-10,
          0.055643655,
          0,
          0.009721673,
          0.98461944,
          -0.1744424,
          0,
          -0.054787826,
          0.17471306,
          0.983094,
          0,
          -0.22796603,
          0.27284107,
          2.4491034,
          1
        ]
      },
      {
        "date" : 766049898.521523,
        "title" : "Untitled",
        "transform" : [
          0.99845076,
          9.62014e-10,
          0.055643655,
          0,
          0.009721673,
          0.98461944,
          -0.1744424,
          0,
          -0.054787826,
          0.17471306,
          0.983094,
          0,
          -0.25365663,
          0.30358884,
          2.7251046,
          1
        ]
      },
      {
        "date" : 766049873.655045,
        "title" : "Untitled",
        "transform" : [
          1,
          0,
          0,
          0,
          0,
          0.7071069,
          -0.70710677,
          0,
          0,
          0.70710677,
          0.7071069,
          0,
          -0.66468203,
          1.6962261,
          1.9613545,
          1
        ]
      }
    ],
    "648A8292-1F5A-43ED-BD06-79A7A7EC33CD" : [
      {
        "date" : 766013853.584327,
        "title" : "Untitled",
        "transform" : [
          0.9995779,
          -1.1799552e-08,
          0.029059222,
          0,
          0.004234096,
          0.9893279,
          -0.14564443,
          0,
          -0.028749058,
          0.14570613,
          0.9889101,
          0,
          -0.6388787,
          0.34149846,
          2.101357,
          1
        ]
      },
      {
        "date" : 766013838.630436,
        "title" : "Untitled",
        "transform" : [
          0.24753319,
          -8.3632115e-09,
          -0.96887946,
          0,
          -0.37327963,
          0.9228041,
          -0.095367,
          0,
          0.89408594,
          0.38526955,
          0.22842465,
          0,
          2.3123746,
          0.9964227,
          0.59077466,
          1
        ]
      },
      {
        "date" : 766013800.794118,
        "title" : "Untitled",
        "transform" : [
          0.98882246,
          -5.8424483e-09,
          -0.14909804,
          0,
          -0.037486326,
          0.96787786,
          -0.24861062,
          0,
          0.14430866,
          0.25142103,
          0.95705926,
          0,
          0.37322545,
          0.65025026,
          2.4752424,
          1
        ]
      },
      {
        "date" : 766013790.296926,
        "title" : "Untitled",
        "transform" : [
          0.2683867,
          1.9506174e-11,
          -0.9633113,
          0,
          -0.59244454,
          0.78852063,
          -0.1650601,
          0,
          0.75959074,
          0.6150085,
          0.21162847,
          0,
          1.9645295,
          1.5905963,
          0.5473347,
          1
        ]
      },
      {
        "date" : 766013767.425489,
        "title" : "Untitled",
        "transform" : [
          0.9994762,
          -9.97407e-10,
          0.032362804,
          0,
          0.015411378,
          0.87933356,
          -0.47595707,
          0,
          -0.0284577,
          0.4762065,
          0.87887293,
          0,
          -0.07360014,
          1.2316129,
          2.2730289,
          1
        ]
      }
    ],
    "670CED90-1E1B-45F4-BDD2-7F322AEFB14B" : [
      {
        "date" : 766050453.82876,
        "title" : "Untitled",
        "transform" : [
          1,
          0,
          0,
          0,
          0,
          0.7071069,
          -0.70710677,
          0,
          0,
          0.70710677,
          0.7071069,
          0,
          0,
          2.225225,
          2.2252254,
          1
        ]
      },
      {
        "date" : 766050451.978748,
        "title" : "Untitled",
        "transform" : [
          1,
          0,
          0,
          0,
          0,
          0.7071069,
          -0.70710677,
          0,
          0,
          0.70710677,
          0.7071069,
          0,
          0,
          5.591047,
          5.591048,
          1
        ]
      }
    ],
    "748E6979-C46E-48FF-BA63-67418E452EEA" : [
      {
        "date" : 766050204.009513,
        "title" : "Untitled",
        "transform" : [
          0.99866474,
          9.0918295e-10,
          0.051659692,
          0,
          0.0154648,
          0.9541406,
          -0.29895937,
          0,
          -0.04929061,
          0.29935914,
          0.95286655,
          0,
          -0.1274803,
          0.7742325,
          2.4643986,
          1
        ]
      }
    ],
    "A5438429-48AF-4B51-8165-F4969850276D" : [
      {
        "date" : 766331266.051599,
        "title" : "Untitled",
        "transform" : [
          0.99787915,
          8.207647e-10,
          0.0650937,
          0,
          0.010104439,
          0.98787844,
          -0.15489995,
          0,
          -0.064304665,
          0.15522914,
          0.98578334,
          0,
          -0.1274588,
          0.24471521,
          1.6681058,
          1
        ]
      },
      {
        "date" : 766311708.807747,
        "title" : "Untitled",
        "transform" : [
          0.99817467,
          1.0232476e-09,
          0.060393248,
          0,
          0.021420132,
          0.9349886,
          -0.35403025,
          0,
          -0.056467,
          0.35467762,
          0.93328196,
          0,
          -0.1101893,
          0.6022478,
          1.5227784,
          1
        ]
      },
      {
        "date" : 766311584.056386,
        "title" : "Untitled",
        "transform" : [
          0.99817467,
          1.0232476e-09,
          0.060393248,
          0,
          0.021420134,
          0.93498874,
          -0.35403028,
          0,
          -0.056467008,
          0.35467765,
          0.9332821,
          0,
          -0.1460406,
          0.9173027,
          2.4137473,
          1
        ]
      }
    ],
    "EE47B1EA-9C07-4359-A5CD-1E614C2FDA78" : [
      {
        "date" : 766051017.362367,
        "title" : "Untitled",
        "transform" : [
          0.9976068,
          -1.1932899e-11,
          -0.0691421,
          0,
          -0.0062046484,
          0.99596554,
          -0.089522876,
          0,
          0.068863146,
          0.08973755,
          0.9935819,
          0,
          0.090650596,
          0.06420267,
          1.2998543,
          1
        ]
      },
      {
        "date" : 766051004.661693,
        "title" : "Untitled",
        "transform" : [
          0.9998629,
          2.2784663e-11,
          0.016559074,
          0,
          0.0016881131,
          0.99479014,
          -0.10193093,
          0,
          -0.016472803,
          0.10194484,
          0.99465376,
          0,
          -0.08816086,
          0.19584124,
          2.5786693,
          1
        ]
      }
    ]
  },
  "sceneViewportBackgroundColors" : {

  },
  "selectedSceneRelativePath" : "Assets\/logo\/logo_scene.usda"
}